select per.pers_nrut, 
case sis.srol_ncorr when null then 'NO' else 'OK' end
from personas as per
inner join sis_roles_usuarios as sis
on per.pers_ncorr = sis.pers_ncorr 
and per.pers_nrut in 
(
2633087,
5071197,
5241717,
5289064,
5695737,
5713893,
5913652,
5927758,
6060624,
6553688,
6629316,
6733079,
6849242,
7062331,
7206909,
7666555,
7688542,
8043252,
8053780,
8143277,
8315268,
8327507,
8402799,
8474919,
8668375,
8668520,
8669217,
8685700,
8718535,
8829456,
8959886,
9002305,
9119940,
9232255,
9242221,
9797802,
9798107,
9907604,
9920087,
9975051,
9977341,
11415733,
11522121,
11626370,
11667970,
11668650,
11844014,
12046894,
12082412,
12231092,
12366148,
12410508,
12449905,
12458298,
12495100,
12558863,
12587095,
12636785,
12637330,
12660844,
12671036,
12802046,
12884063,
13026544,
13037981,
13234600,
13302772,
13341058,
13437457,
13493596,
13582834,
13682204,
13685517,
13687052,
13707102,
13999681,
14120048,
14155085,
14167570,
14205430,
14372588,
14412292,
14689697,
15000509,
15317309,
15322661,
15350600,
15473016,
15623705,
15740666,
15783024,
16232812,
16300631,
16702540,
16906482
)
and sis.srol_ncorr = 161